[0.00434421]
[0.00553821]
[0.00122997]
[0.00206715]
[0.00267717]
[0.00578052]
[0.00787953]
[0.00912264]
[0.00642292]
[0.00554607]
[0.00961577]
[-5.71870153e-09]
[-5.71870153e-09]
[-5.71870153e-09]
[-5.71870153e-09]
[-5.71870153e-09]
[-5.71870153e-09]
[-5.71870153e-09]
[-5.71870153e-09]
[-5.71870153e-09]
[-5.71870153e-09]
[8.30308231e-05]
[-5.71870153e-09]
[-5.71870153e-09]
[-5.71870153e-09]
[0.00727533]
[-5.71870153e-09]
[-5.71870153e-09]
[-5.71870153e-09]
[-0.00018248]
[-5.71870153e-09]
[-0.00171604]
[0.00016266]
[0.00055456]
[-5.71870153e-09]
[0.00016619]
[-0.00027787]
[0.00057358]
[-5.71870153e-09]
[-5.71870153e-09]
[-5.71870153e-09]
[-5.71870153e-09]
[0.00304806]
[0.00018324]
[-5.71870153e-09]
[-5.71870153e-09]
[-5.71870153e-09]
[-5.71870153e-09]
[-5.71870153e-09]
[-5.71870153e-09]
[-5.71870153e-09]
[-5.71870153e-09]
[-5.71870153e-09]
[-0.00025458]
