0.02703219392827101
0.0220998700007647
0.024585149499120593
0.028064540796818842
0.025043970329586298
0.016096964135505085
0.03230863347862659
0.012732278045423262
0.028293951212051693
0.021679284239504472
0.032002752924982794
0.002599984705972318
0.012235222145752084
0.010782289515944024
0.029326298080599524
0.019805765848436185
0.03796742372103693
0.002599984705972318
0.0060793760036705665
0.0076087787718895775
0.007952894394738855
0.009673472508985242
0.012502867630190411
0.02450867936070964
0.0183910682878336
0.033685095970023705
0.00806759960235528
0.037699778236598605
0.025617496367668427
0.03555861436109199
0.01751166169610767
0.0064617266957253195
0.018429303357039076
0.028064540796818842
0.01104993500038235
0.0013764624913971094
0.03590272998394127
0.01670872524279269
0.02783513038158599
0.004167622543396803
0.03345568555479085
0.020685172440162117
0.03670566643725625
0.030893935918024012
0.01169993117687543
0.01735872141928577
0.021564579031888048
0.008411715225204558
0.037776248375009557
0.001338227422191634
